image_width: 640
image_height: 480
camera_name: 11112
camera_matrix:
  rows: 3
  cols: 3
  data: [612.2394409179688, 0.0, 323.92718505859375, 0.0, 610.8439331054688, 236.01596069335938, 0.0, 0.0, 1.0]
distortion_model: plumb_bob
distortion_coefficients:
  rows: 1
  cols: 5
  data: [0.0, 0.0, 0.0, 0.0, 0.0]
rectification_matrix:
  rows: 3
  cols: 3
  data: [1, 0, 0, 0, 1, 0, 0, 0, 1]
projection_matrix:
  rows: 3
  cols: 4
  data: [612.2394409179688, 0.0, 323.92718505859375, 0.0, 0.0, 610.8439331054688, 236.01596069335938, 0.0, 0.0, 0.0, 1.0, 0.0]
