image_width: 1280
image_height: 720
camera_name: 11111
camera_matrix:
  rows: 3
  cols: 3
  data: [698.344970703125, 0.0, 633.0399780273438, 0.0, 698.344970703125, 369.2619934082031, 0.0, 0.0, 1.0]
distortion_model: plumb_bob
distortion_coefficients:
  rows: 1
  cols: 5
  data: [-0.175929993391037, 0.028741199523210526, 0.0, 0.00012916199921164662, -0.00028496701270341873]
rectification_matrix:
  rows: 3
  cols: 3
  data: [1, 0, 0, 0, 1, 0, 0, 0, 1]
projection_matrix:
  rows: 3
  cols: 4
  data: [698.344970703125, 0.0, 633.0399780273438, 0.0, 0.0, 698.344970703125, 369.2619934082031, 0.0, 0.0, 0.0, 1.0, 0.0]
